
iteration: 0
0  0  0  0  0  

0  --------------  0  0  0  

0  --------------  0  0  0  

0  0  0  0  0  

iteration: 1
-0.04  -0.04  -0.04  -0.04  2.0  

-0.04  --------------  -0.04  -0.04  -3.0  

-0.04  --------------  -0.04  1.0  -0.04  

-0.04  -0.04  -0.04  -0.04  -0.04  

iteration: 2
-0.074  -0.074  -0.074  1.3132  2.0  

-0.074  --------------  -0.074  0.3816  -3.0  

-0.074  --------------  0.6332  1.0  0.3816  

-0.074  -0.074  -0.074  0.6332  -0.074  

iteration: 3
-0.1029  -0.1029  0.840396  1.464058  2.0  

-0.1029  --------------  0.416722  0.591686  -3.0  

-0.1029  --------------  0.62742  1.0  0.37871  

-0.1029  -0.1029  0.438108  0.62742  0.416722  

iteration: 4
-0.127465  0.51397628  1.06241447  1.49473824  2.0  

-0.127465  --------------  0.61718396  0.73598081  -3.0  

-0.127465  --------------  0.71266055  1.0  0.42042137  

-0.127465  0.24042044  0.47721548  0.71266055  0.45425732  

iteration: 5
0.2878348204  0.7698178072  1.11918786975  1.50961111925  2.0  

-0.14834525  --------------  0.79746084505  0.7738826398  -3.0  

-0.14834525  --------------  0.7330239524  1.0  0.4236118722  

0.1018168492  0.3253780012  0.54574863655  0.719175188  0.51895686265  

iteration: 6
0.49533272238  0.851916778654  1.14945070185  1.51409696952  2.0  

0.130508985372  --------------  0.854611947642  0.799319732919  -3.0  

0.004016764956  --------------  0.754172805936  1.0  0.433897675739  

0.177302126748  0.386423333058  0.557734797901  0.730499967432  0.529157470302  

iteration: 7
0.592499954644  0.886452329628  1.15993126448  1.51664041971  2.0  

0.319012778732  --------------  0.882210670104  0.807227954823  -3.0  

0.0812482962312  --------------  0.760049473371  1.0  0.441708382243  

0.238179972274  0.404951629192  0.56825212418  0.732385842797  0.538599665267  

iteration: 8
0.640266166484  0.899450155883  1.16489754984  1.51752881184  2.0  

0.417132141542  --------------  0.892355542965  0.81130339236  -3.0  

0.190740899897  --------------  0.763289337514  1.0  0.448792984872  

0.262518510674  0.415253221405  0.573507327012  0.734082402103  0.541348557141  

iteration: 9
0.661504962183  0.905036860392  1.16678610494  1.51795073736  2.0  

0.466293457271  --------------  0.896941343394  0.8127698132  -3.0  

0.276075809231  --------------  0.764598343948  1.0  0.45126442257  

0.280899240454  0.420578030007  0.576730277508  0.734762750153  0.543338064501  

iteration: 10
0.67128793072  0.907270817623  1.16762333451  1.5181112468  2.0  

0.48909326202  --------------  0.898739999667  0.813446515591  -3.0  

0.324012438514  --------------  0.765262087777  1.0  0.452827359779  

0.293335939628  0.423674853806  0.578130840198  0.735205809071  0.544179881505  

iteration: 11
0.675576557367  0.908219906463  1.16795653123  1.5181824098  2.0  

0.499621647433  --------------  0.899519721264  0.813708547794  -3.0  

0.347665532721  --------------  0.765534021389  1.0  0.453532645005  

0.30057351273  0.425153696482  0.578883076033  0.735396411345  0.544685565677  

iteration: 12
0.677481383803  0.908607825333  1.16809952013  1.5182107314  2.0  

0.504327739073  --------------  0.899834844104  0.813823214973  -3.0  

0.358845860817  --------------  0.76566423777  1.0  0.453936459486  

0.304204832471  0.425916620104  0.579209893709  0.735503334545  0.544918107622  

iteration: 13
0.678307096671  0.908771003994  1.16815771831  1.51822288544  2.0  

0.506423056628  --------------  0.899968608709  0.813869259098  -3.0  

0.363946658909  --------------  0.765718802714  1.0  0.45412891224  

0.3059826106  0.42626855314  0.579372377829  0.735550880113  0.545044905695  

iteration: 14
0.678666345746  0.908838319129  1.1681822999  1.51822783229  2.0  

0.507340745363  --------------  0.900023467214  0.81388889384  -3.0  

0.366238610522  --------------  0.765743983856  1.0  0.454231493413  

0.306806604044  0.426438870958  0.579443437672  0.7355754691  0.545104373001  

iteration: 15
0.678820659752  0.908866478182  1.16819241616  1.51822992172  2.0  

0.507741041819  --------------  0.900046514619  0.813896920668  -3.0  

0.367252270636  --------------  0.765754686915  1.0  0.454280650581  

0.307187275489  0.42651614568  0.579477127927  0.735586563907  0.545134867633  

iteration: 16
0.678886949797  0.908878144279  1.16819665589  1.5182307816  2.0  

0.507914025741  --------------  0.900056034987  0.813900300513  -3.0  

0.367696794445  --------------  0.765759509616  1.0  0.45430556529  

0.307358340483  0.426552191756  0.579491917417  0.735592019623  0.545149182505  

iteration: 17
0.67891522103  0.90888301053  1.16819841021  1.51823114198  2.0  

0.507988510238  --------------  0.90006001452  0.813901694464  -3.0  

0.367889992559  --------------  0.765761575954  1.0  0.454317417153  

0.307435176863  0.426568376442  0.579498724506  0.735594493493  0.545156226906  

Final Value After Convergence
0.678927264318  0.908885030736  1.16819914265  1.5182312911  2.0  

0.508020397041  --------------  0.900061664209  0.813902277781  -3.0  

0.367973485697  --------------  0.765762492817  1.0  0.454323214754  

0.307469135382  0.426575756659  0.579501715594  0.73559567087  0.545159515321  

Final Policy
E  E  E  E  T  

N  -  N  N  T  

N  -  E  T  S  

E  E  N  N  W  

