
iteration: 0
0  0  0  0  

0  --------------  0  0  

0  0  0  0  

iteration: 1
-0.04  -0.04  -0.04  1.0  

-0.04  --------------  -0.04  -1.0  

-0.04  -0.04  -0.04  -0.04  

iteration: 2
-0.08  -0.08  0.752  1.0  

-0.08  --------------  -0.08  -1.0  

-0.08  -0.08  -0.08  -0.08  

iteration: 3
-0.12  0.5456  0.8272  1.0  

-0.12  --------------  0.4536  -1.0  

-0.12  -0.12  -0.12  -0.12  

iteration: 4
0.37248  0.73088  0.88808  1.0  

-0.16  --------------  0.56712  -1.0  

-0.16  -0.16  0.29888  -0.16  

iteration: 5
0.565952  0.81664  0.90552  1.0  

0.225984  --------------  0.627176  -1.0  

-0.2  0.167104  0.381696  0.083104  

iteration: 6
0.6925056  0.847744  0.9132696  1.0  

0.4579584  --------------  0.6471336  -1.0  

0.1374976  0.2987776  0.4867616  0.1736672  

iteration: 7
0.7532416  0.86016448  0.91604032  1.0  

0.60559616  --------------  0.65532904  -1.0  

0.36999424  0.4091648  0.52495136  0.266776  

iteration: 8
0.78401536  0.864865152  0.917136936  1.0  

0.683712512  --------------  0.65836516  -1.0  

0.522392832  0.461794048  0.551857312  0.306638688  

iteration: 9
0.7986649088  0.8666825792  0.9175502096  1.0  

0.7239547904  --------------  0.6595460648  -1.0  

0.6053886976  0.4938446592  0.5635354016  0.3321497184  

iteration: 10
0.80560803328  0.86737668352  0.91770962744  1.0  

0.74372288512  --------------  0.65999477416  -1.0  

0.649087168  0.54307988992  0.5702362896  0.34404329312  

iteration: 11
0.808834438656  0.867643038656  0.91777044016  1.0  

0.753231003648  --------------  0.660167179368  -1.0  

0.674195013888  0.587885712384  0.576708137632  0.350593360992  

iteration: 12
0.810320975155  0.867744959859  0.917793761953  1.0  

0.757713751654  --------------  0.660233070065  -1.0  

0.688792875546  0.616933153587  0.581981650832  0.356425846205  

iteration: 13
0.810999440568  0.867784001534  0.917802683202  1.0  

0.759799530455  --------------  0.660258316569  -1.0  

0.696743604237  0.634420931154  0.585522356031  0.361227905286  

iteration: 14
0.81130709833  0.867798946868  0.917806099977  1.0  

0.760759458546  --------------  0.660267978218  -1.0  

0.700956077903  0.64427906962  0.592114812183  0.364540675353  

iteration: 15
0.811445813182  0.867804669355  0.91780740782  1.0  

0.761197570373  --------------  0.660271677803  -1.0  

0.703131081589  0.649620676247  0.600661534736  0.370145917282  

iteration: 16
0.81150807384  0.867806860127  0.917807908562  1.0  

0.76139616462  --------------  0.660273094036  -1.0  

0.704233232082  0.65242900052  0.605789862251  0.377543819517  

iteration: 17
0.811535911947  0.867807698875  0.91780810026  1.0  

0.761485691996  --------------  0.660273636253  -1.0  

0.704783154956  0.65387238577  0.608549496045  0.382386271753  

iteration: 18
0.811548319494  0.867808019983  0.917808173651  1.0  

0.761525867957  --------------  0.660273843833  -1.0  

0.705054107669  0.654601001119  0.609980221845  0.385078224011  

iteration: 19
0.811553834731  0.867808142918  0.917808201748  1.0  

0.761543829187  --------------  0.660273923304  -1.0  

0.705186205244  0.654963486359  0.610706207463  0.386491999877  

iteration: 20
0.811556280726  0.867808189982  0.917808212505  1.0  

0.761551833623  --------------  0.660273953729  -1.0  

0.70525003251  0.655141661467  0.611068802164  0.387214165958  

iteration: 21
0.811557363421  0.867808208001  0.917808216623  1.0  

0.761555391305  --------------  0.660273965377  -1.0  

0.705280636296  0.655228358301  0.611247604763  0.387576458327  

iteration: 22
0.811557841873  0.867808214899  0.9178082182  1.0  

0.761556968998  --------------  0.660273969836  -1.0  

0.705295212504  0.655270180697  0.611334843655  0.387755729643  

iteration: 23
0.811558053006  0.86780821754  0.917808218804  1.0  

0.761557667298  --------------  0.660273971544  -1.0  

0.705302114518  0.655290206143  0.611377025907  0.387843447888  

iteration: 24
0.811558146062  0.867808218551  0.917808219035  1.0  

0.761557975865  --------------  0.660273972197  -1.0  

0.705305365905  0.655299732843  0.611397264659  0.387885965514  

iteration: 25
0.811558187033  0.867808218938  0.917808219123  1.0  

0.761558112023  --------------  0.660273972448  -1.0  

0.705306890566  0.655304239292  0.61140690996  0.387906408279  

iteration: 26
0.811558205056  0.867808219086  0.917808219157  1.0  

0.761558172031  --------------  0.660273972543  -1.0  

0.705307602604  0.655306360312  0.611411479675  0.387916168796  

iteration: 27
0.811558212978  0.867808219143  0.91780821917  1.0  

0.761558198451  --------------  0.66027397258  -1.0  

0.705307933917  0.655307354146  0.611413633471  0.387920800619  

iteration: 28
0.811558216457  0.867808219165  0.917808219175  1.0  

0.761558210072  --------------  0.660273972594  -1.0  

0.705308087567  0.655307817962  0.611414643922  0.387922986839  

iteration: 29
0.811558217985  0.867808219173  0.917808219177  1.0  

0.76155821518  --------------  0.660273972599  -1.0  

0.705308158611  0.655308033646  0.611415116021  0.387924013821  

iteration: 30
0.811558218655  0.867808219176  0.917808219178  1.0  

0.761558217424  --------------  0.660273972601  -1.0  

0.70530819137  0.655308133618  0.611415335779  0.387924494199  

iteration: 31
0.811558218949  0.867808219177  0.917808219178  1.0  

0.761558218409  --------------  0.660273972602  -1.0  

0.705308206438  0.655308179819  0.611415437732  0.387924718043  

iteration: 32
0.811558219078  0.867808219178  0.917808219178  1.0  

0.761558218841  --------------  0.660273972603  -1.0  

0.705308213353  0.655308201114  0.611415484889  0.38792482199  

iteration: 33
0.811558219134  0.867808219178  0.917808219178  1.0  

0.76155821903  --------------  0.660273972603  -1.0  

0.705308216519  0.655308210905  0.61141550664  0.38792487011  

iteration: 34
0.811558219159  0.867808219178  0.917808219178  1.0  

0.761558219113  --------------  0.660273972603  -1.0  

0.705308217967  0.655308215396  0.611415516648  0.387924892323  

iteration: 35
0.81155821917  0.867808219178  0.917808219178  1.0  

0.76155821915  --------------  0.660273972603  -1.0  

0.705308218627  0.655308217453  0.611415521242  0.387924902551  

iteration: 36
0.811558219174  0.867808219178  0.917808219178  1.0  

0.761558219166  --------------  0.660273972603  -1.0  

0.705308218928  0.655308218392  0.611415523347  0.387924907249  

iteration: 37
0.811558219176  0.867808219178  0.917808219178  1.0  

0.761558219173  --------------  0.660273972603  -1.0  

0.705308219065  0.655308218821  0.611415524309  0.387924909402  

iteration: 38
0.811558219177  0.867808219178  0.917808219178  1.0  

0.761558219176  --------------  0.660273972603  -1.0  

0.705308219127  0.655308219016  0.611415524748  0.387924910387  

iteration: 39
0.811558219178  0.867808219178  0.917808219178  1.0  

0.761558219177  --------------  0.660273972603  -1.0  

0.705308219155  0.655308219104  0.611415524948  0.387924910837  

iteration: 40
0.811558219178  0.867808219178  0.917808219178  1.0  

0.761558219178  --------------  0.660273972603  -1.0  

0.705308219168  0.655308219145  0.611415525039  0.387924911042  

iteration: 41
0.811558219178  0.867808219178  0.917808219178  1.0  

0.761558219178  --------------  0.660273972603  -1.0  

0.705308219173  0.655308219163  0.61141552508  0.387924911135  

iteration: 42
0.811558219178  0.867808219178  0.917808219178  1.0  

0.761558219178  --------------  0.660273972603  -1.0  

0.705308219176  0.655308219171  0.611415525099  0.387924911177  

iteration: 43
0.811558219178  0.867808219178  0.917808219178  1.0  

0.761558219178  --------------  0.660273972603  -1.0  

0.705308219177  0.655308219175  0.611415525107  0.387924911197  

iteration: 44
0.811558219178  0.867808219178  0.917808219178  1.0  

0.761558219178  --------------  0.660273972603  -1.0  

0.705308219178  0.655308219177  0.611415525111  0.387924911205  

iteration: 45
0.811558219178  0.867808219178  0.917808219178  1.0  

0.761558219178  --------------  0.660273972603  -1.0  

0.705308219178  0.655308219177  0.611415525113  0.387924911209  

iteration: 46
0.811558219178  0.867808219178  0.917808219178  1.0  

0.761558219178  --------------  0.660273972603  -1.0  

0.705308219178  0.655308219178  0.611415525114  0.387924911211  

iteration: 47
0.811558219178  0.867808219178  0.917808219178  1.0  

0.761558219178  --------------  0.660273972603  -1.0  

0.705308219178  0.655308219178  0.611415525114  0.387924911212  

iteration: 48
0.811558219178  0.867808219178  0.917808219178  1.0  

0.761558219178  --------------  0.660273972603  -1.0  

0.705308219178  0.655308219178  0.611415525114  0.387924911212  

iteration: 49
0.811558219178  0.867808219178  0.917808219178  1.0  

0.761558219178  --------------  0.660273972603  -1.0  

0.705308219178  0.655308219178  0.611415525114  0.387924911212  

iteration: 50
0.811558219178  0.867808219178  0.917808219178  1.0  

0.761558219178  --------------  0.660273972603  -1.0  

0.705308219178  0.655308219178  0.611415525114  0.387924911213  

iteration: 51
0.811558219178  0.867808219178  0.917808219178  1.0  

0.761558219178  --------------  0.660273972603  -1.0  

0.705308219178  0.655308219178  0.611415525114  0.387924911213  

iteration: 52
0.811558219178  0.867808219178  0.917808219178  1.0  

0.761558219178  --------------  0.660273972603  -1.0  

0.705308219178  0.655308219178  0.611415525114  0.387924911213  

iteration: 53
0.811558219178  0.867808219178  0.917808219178  1.0  

0.761558219178  --------------  0.660273972603  -1.0  

0.705308219178  0.655308219178  0.611415525114  0.387924911213  

iteration: 54
0.811558219178  0.867808219178  0.917808219178  1.0  

0.761558219178  --------------  0.660273972603  -1.0  

0.705308219178  0.655308219178  0.611415525114  0.387924911213  

iteration: 55
0.811558219178  0.867808219178  0.917808219178  1.0  

0.761558219178  --------------  0.660273972603  -1.0  

0.705308219178  0.655308219178  0.611415525114  0.387924911213  

iteration: 56
0.811558219178  0.867808219178  0.917808219178  1.0  

0.761558219178  --------------  0.660273972603  -1.0  

0.705308219178  0.655308219178  0.611415525114  0.387924911213  

iteration: 57
0.811558219178  0.867808219178  0.917808219178  1.0  

0.761558219178  --------------  0.660273972603  -1.0  

0.705308219178  0.655308219178  0.611415525114  0.387924911213  

iteration: 58
0.811558219178  0.867808219178  0.917808219178  1.0  

0.761558219178  --------------  0.660273972603  -1.0  

0.705308219178  0.655308219178  0.611415525114  0.387924911213  

Final Value After Convergence
0.811558219178  0.867808219178  0.917808219178  1.0  

0.761558219178  --------------  0.660273972603  -1.0  

0.705308219178  0.655308219178  0.611415525114  0.387924911213  

Final Policy
E  E  E  T  

N  -  N  T  

N  W  W  W  

